source_id:int64	target_id:int64
101917	103111
100475	102482
100653	101968
102482	102439
102482	103174
101028	102134
102525	100516
100069	101917
102214	101213
103111	101345
100392	101376
101922	100734
100392	100475
102175	101376
103174	101968
100475	101376
100734	102068
102121	100392
100392	102121
100358	102134
102121	100865
100392	101345
100358	102175
102314	100475
101917	100653
101922	100847
103111	102525
102525	102214
100358	103174
103174	100358
100653	100847
100475	102121
103111	100392
100653	101376
100358	101028
102439	102482
100734	102482
102439	101917
102525	100358
102175	102214
102214	100358
102525	101922
100392	102439
100653	100734
102314	101376
100176	102121
101194	100176
102175	100847
100475	103174
101345	103174
100069	102525
100865	102134
101194	102439
102175	100462
100734	100392
100653	100176
101917	101376
102175	100475
100176	102068
102439	102525
100176	100653
100734	103111
100734	100653
102525	100847
102439	100653
100462	103174
101922	101194
102314	102525
100176	100358
101968	100069
102314	100653
103174	101376
103111	102482
102068	102525
100069	100734
101917	100358
101028	102482
100516	101028
102175	100653
102482	100069
103174	101345
102121	102314
103111	102175
101917	100069
102175	100865
103174	101028
103174	100516
102134	100475
100653	100069
102482	101968
102134	101917
100176	102482
100358	100462
100653	101922
101213	102525
102525	102482
102525	102121
101194	103174
100475	100176
102525	100865
103174	102068
100475	100516
102314	102175
101213	102121
100462	102214
100069	102068
102134	102439
100734	101968
102134	101213
102482	102175
101194	101213
102214	100176