source_id:int64	target_id:int64
100865	101922
101968	102134
101028	102134
101968	100653
102121	100847
103111	100475
102482	100516
101917	101922
102482	100392
100392	100475
101028	102175
100358	100176
100462	102482
100069	102482
100734	102134
100865	102214
101917	102482
100516	100847
101028	100847
101028	100653
103174	101922
102439	100176
101968	100462
102482	100734
100392	100516
100462	102175
100734	101376
100462	100516
100358	101345
102482	100475
100358	100516
100516	102121
100734	100847
100865	100847
100392	103111
100516	101345
101028	101345
100462	101917
100475	101213
101968	102482
103174	100462
102175	102214
102439	100462
102439	100475
101917	102134
102482	102214
102525	101922
103174	100653
100392	103174
102314	101376
100358	100847
101028	103111
100069	102314
101922	102482
100358	100865
102175	100847
100475	103174
100358	100734
102439	103111
101345	103174
100734	100176
101345	102439
100069	102525
102314	102121
100475	101917
100176	102214
100516	102314
101194	100392
100865	102134
100734	100392
102068	102439
102214	100653
100734	103111
101345	102068
101917	102214
101968	102175
101917	102121
100392	102314
100865	101028
101028	100176
102439	100516
102068	101194
102134	102214
100865	102525
100358	101968
101917	100475
100516	100392
102439	100358
100847	101345
100847	100358
103174	102134
101213	100462
100516	100865
103174	103111
100516	101028
103174	102175
102175	100653
101194	101345
100847	102134
101028	100358
100734	100462
102482	100069
100462	100653
100176	101376
100176	100847
100865	102314
101028	101922
100865	100734
101917	100069
102175	100865
100475	102068
100176	101194
102175	100516
100176	101213
101194	101917
102068	100653
100069	100516
101213	100392
102175	102134
100475	101028
100358	100653
102175	102068
101968	101028
101968	100516
102439	100865
103111	100358
103174	100865
102068	100865
102068	101213
102482	103111
100069	102068
102482	101213
102134	103174
101194	101213
100734	102214