source_id:int64	target_id:int64
100865	101922
101968	102214
101968	102068
102314	101917
101194	100516
103111	100475
100392	101376
101922	100734
102525	100069
103111	102121
101968	100358
103174	102214
101213	101376
100392	102482
101345	102525
101917	103174
101922	103174
100392	101345
101917	100734
102068	102175
100462	102439
100847	102175
100516	100653
100462	102175
101194	102525
101028	102121
100475	102314
102214	101922
101345	101376
100653	101194
101345	100734
102214	100069
101922	103111
100462	102314
102214	100358
102439	100475
101194	100358
101917	102314
102068	100176
102121	100176
101345	103174
101345	102439
102314	102121
101213	100475
102482	101345
101922	102525
100176	102134
102214	102068
100847	100392
102214	100653
101345	103111
102482	102121
100847	100462
100392	101968
101345	102068
100865	100653
100865	101028
101028	100176
101968	100865
101376	102214
102314	102525
102134	100653
101194	102314
102214	101345
102482	102525
102134	103111
101213	100462
101917	100358
102482	100653
101922	100358
101213	101922
101194	101345
102482	102314
103174	102439
100462	101968
102482	100069
102134	102121
100865	102314
101917	101968
102134	100475
102121	102175
101345	101213
101213	101028
100176	102482
101213	102525
100865	100069
103174	102068
100865	101213
100734	100475
102214	101917
102482	101922
101968	102121
102068	100865
100847	100865
102121	101917
100475	100069
102314	102134
102121	102439