node_id:int64	label:int64	attrs:string
100069	1	0.322,0.001,0.305,0.133,0.198,0.574,0.555,0.178,0.539,0.138,0.882,0.752,0.108
100176	0	0.269,0.110,0.872,0.451,0.486,0.390,0.368,0.625,0.905,0.344,0.910,0.311,0.754
100358	0	0.734,0.442,0.856,0.462,0.559,0.378,0.653,0.929,0.031,0.890,0.112,0.477,0.809
100392	0	0.872,0.789,0.823,0.760,0.309,0.274,0.041,0.159,0.534,0.755,0.432,0.588,0.647
100462	0	0.646,0.753,0.252,0.114,0.814,0.475,0.510,0.429,0.840,0.976,0.672,0.625,0.451
100475	0	0.883,0.809,0.007,0.390,0.284,0.288,0.921,0.323,0.591,0.839,0.666,0.108,0.785
100516	0	0.721,0.738,0.991,0.956,0.854,0.972,0.766,0.313,0.397,0.913,0.497,0.252,0.386
100653	0	0.204,0.445,0.764,0.785,0.531,0.800,0.469,0.523,0.259,0.728,0.678,0.790,0.377
100734	0	0.583,0.382,0.251,0.498,0.562,0.949,0.476,0.178,0.536,0.539,0.148,0.538,0.346
100847	0	0.585,0.900,0.407,0.655,0.718,0.628,0.244,0.441,0.053,0.868,0.085,0.863,0.006
100865	0	0.626,0.055,0.523,0.793,0.123,0.492,0.676,0.894,0.977,0.523,0.028,0.630,0.724
101028	0	0.557,0.134,0.695,0.426,0.351,0.652,0.062,0.292,0.587,0.718,0.319,0.519,0.330
101194	0	0.717,0.225,0.453,0.355,0.897,0.885,0.956,0.813,0.697,0.548,0.155,0.783,0.240
101213	0	0.864,0.667,0.948,0.545,0.227,0.418,0.623,0.712,0.916,0.841,0.120,0.744,0.303
101345	0	0.144,0.175,0.755,0.585,0.972,0.541,0.763,0.945,0.998,0.696,0.090,0.819,0.404
101376	0	0.087,0.074,0.633,0.125,0.535,0.598,0.696,0.058,0.396,0.181,0.397,0.059,0.357
101917	0	0.874,0.638,0.541,0.459,0.504,0.285,0.135,0.425,0.391,0.047,0.483,0.859,0.777
101922	0	0.731,0.016,0.689,0.528,0.067,0.807,0.317,0.503,0.923,0.049,0.462,0.569,0.697
101968	0	0.975,0.491,0.710,0.257,0.790,0.869,0.734,0.492,0.377,0.292,0.743,0.543,0.132
102068	0	0.052,0.720,0.954,0.271,0.294,0.777,0.876,0.686,0.405,0.331,0.401,0.219,0.368
102121	0	0.505,0.889,0.348,0.956,0.043,0.169,0.576,0.617,0.839,0.525,0.415,0.046,0.094
102134	0	0.438,0.920,0.721,0.277,0.266,0.425,0.270,0.477,0.419,0.696,0.064,0.741,0.792
102175	0	0.669,0.993,0.499,0.114,0.176,0.088,0.896,0.687,0.220,0.607,0.023,0.392,0.953
102214	0	0.998,0.409,0.137,0.653,0.714,0.260,0.970,0.712,0.053,0.746,0.430,0.281,0.443
102314	0	0.391,0.976,0.447,0.007,0.674,0.729,0.723,0.224,0.449,0.908,0.373,0.794,0.312
102439	0	0.388,0.955,0.652,0.328,0.412,0.078,0.808,0.457,0.307,0.457,0.804,0.604,0.229
102482	0	0.519,0.252,0.446,0.112,0.250,0.383,0.224,0.203,0.978,0.564,0.030,0.422,0.873
102525	0	0.402,0.699,0.902,0.417,0.528,0.530,0.398,0.631,0.336,0.042,0.363,0.592,0.866
103111	0	0.938,0.921,0.476,0.645,0.382,0.462,0.377,0.575,0.635,0.166,0.874,0.438,0.742
103174	0	0.302,0.141,0.370,0.511,0.678,0.532,0.493,0.174,0.463,0.140,0.349,0.012,0.057