id:int64	label:int64	feature:string
100069	1	19,84875,1,1,100000000,24008,2,98251,1,1,61224490,24008,2,24159,1,1,69444444,24008,2,98946,1,1,100000000,24008,2,46370,0,4,75000000,85994,1,31375,1,1,61224490,24008,2,46370,0,2,80936455,84875,1,46370,0,2,80612245,5978,1,5978,1,1,100000000,24008,2,46370,0,4,62500000,25192,1,31375,1,5,100000000,22262,1,85994,1,5,100000000,98251,1,22262,1,1,61224490,24008,2,25192,1,5,100000000,24159,1,46370,0,4,100000000,31375,1,46370,0,3,54545455,87516,1,87516,1,1,100000000,24008,2,46370,0,2,80936455,98946,1,31375,1,5,100000000,98251,1,0,0,0,0,0,0,1.230524,0.8100975,-0.4607192,-0.2516714,-0.5407386,1.64692,-0.2757277,-0.3685018,0.02164904,-1.246515
100176	0	15,22992,1,1,100000000,21591,2,96740,0,2,57833037,18251,1,64310,1,1,100000000,21591,2,96740,0,2,40000000,95195,1,96740,0,2,42857143,31872,1,96740,0,3,64285714,98015,1,96740,0,2,40000000,64310,1,96740,0,2,30000000,98015,1,24276,1,1,100000000,21591,2,98015,1,1,100000000,21591,2,96740,0,2,100000000,22992,1,96740,0,3,66666667,24276,1,31872,1,1,100000000,21591,2,18251,1,1,100000000,21591,2,95195,1,1,100000000,21591,2,0,0,0,0,0,0,0,0,0,0,0,0,0,0,0,0,0,0,0,0,0,0,0,0,0,0,0,0,0,0,0.3951585,2.0777712,0.5666981,-0.07293919,0.27531663,0.77960235,0.76316166,-0.4156286,-0.08052491,-0.82262915
100358	0	15,31872,1,1,100000000,97034,2,96740,0,2,42857143,31872,1,96740,0,2,100000000,22992,1,96740,0,2,30000000,98015,1,96740,0,3,64285714,98015,1,22992,1,1,100000000,97034,2,95195,1,1,100000000,97034,2,64310,1,1,100000000,97034,2,24276,1,1,100000000,97034,2,98015,1,1,100000000,97034,2,18251,1,1,100000000,97034,2,96740,0,2,57833037,18251,1,96740,0,2,40000000,64310,1,96740,0,2,40000000,95195,1,96740,0,3,66666667,24276,1,0,0,0,0,0,0,0,0,0,0,0,0,0,0,0,0,0,0,0,0,0,0,0,0,0,0,0,0,0,0,0.9607741,0.3953388,0.6650009,-0.5578446,-0.8726578,0.384353,0.9300753,0.6499837,-0.1381129,-1.354161
100392	0	17,96740,0,2,40000000,95195,1,96740,0,2,100000000,22992,1,44405,1,1,100000000,77153,2,18251,1,1,100000000,77153,2,22992,1,1,100000000,77153,2,96740,0,3,62500000,44405,1,98015,1,1,100000000,77153,2,96740,0,3,66666667,24276,1,96740,0,2,42857143,31872,1,95195,1,1,100000000,77153,2,96740,0,2,30000000,98015,1,64310,1,1,100000000,77153,2,96740,0,2,40000000,64310,1,96740,0,3,64285714,98015,1,96740,0,2,57833037,18251,1,24276,1,1,100000000,77153,2,31872,1,1,100000000,77153,2,0,0,0,0,0,0,0,0,0,0,0,0,0,0,0,0,0,0,1.4658028,1.4421266,0.06532722,0.0412505,0.5401878,0.51677376,-0.73285097,0.22648135,-0.51733744,-0.84286606
100462	0	15,96740,0,2,100000000,22992,1,95195,1,1,100000000,63683,2,22992,1,1,100000000,63683,2,96740,0,2,30000000,98015,1,18251,1,1,100000000,63683,2,96740,0,2,57833037,18251,1,96740,0,2,42857143,31872,1,31872,1,1,100000000,63683,2,98015,1,1,100000000,63683,2,96740,0,2,40000000,95195,1,96740,0,2,40000000,64310,1,24276,1,1,100000000,63683,2,96740,0,3,66666667,24276,1,96740,0,3,64285714,98015,1,64310,1,1,100000000,63683,2,0,0,0,0,0,0,0,0,0,0,0,0,0,0,0,0,0,0,0,0,0,0,0,0,0,0,0,0,0,0,0.3530633,0.5289636,1.143083,-0.8545802,0.1205138,1.250551,0.2273846,-0.2271506,-0.3816439,-1.850723
100475	0	16,70532,1,5,100000000,97186,1,39001,0,4,75000000,82506,1,10520,1,1,100000000,21899,2,97186,1,1,100000000,21899,2,39001,0,3,68750000,56813,1,12347,1,1,100000000,21899,2,82506,1,5,100000000,73959,1,73959,1,1,100000000,21899,2,39001,0,2,100000000,10520,1,61559,1,5,100000000,97186,1,39001,0,2,50000000,12347,1,39001,0,2,100000000,81606,1,56813,1,1,100000000,21899,2,39001,0,4,57142857,61559,1,81606,1,1,100000000,21899,2,39001,0,4,66666667,70532,1,0,0,0,0,0,0,0,0,0,0,0,0,0,0,0,0,0,0,0,0,0,0,0,0,1.113445,1.20095,-0.01579695,-0.6673937,0.2759055,1.511312,-0.3628551,-0.563335,-0.142968,-1.242913
100516	0	15,24276,1,1,100000000,67510,2,95195,1,1,100000000,67510,2,22992,1,1,100000000,67510,2,96740,0,2,40000000,64310,1,96740,0,2,100000000,22992,1,96740,0,2,57833037,18251,1,18251,1,1,100000000,67510,2,96740,0,3,64285714,98015,1,96740,0,2,40000000,95195,1,98015,1,1,100000000,67510,2,31872,1,1,100000000,67510,2,96740,0,3,66666667,24276,1,96740,0,2,30000000,98015,1,96740,0,2,42857143,31872,1,64310,1,1,100000000,67510,2,0,0,0,0,0,0,0,0,0,0,0,0,0,0,0,0,0,0,0,0,0,0,0,0,0,0,0,0,0,0,1.0024359,1.6416808,0.43523657,-1.221968,-0.1304744,1.7992102,-0.074776,-1.8569938,0.9670006,-1.6265489
100653	0	15,18251,1,1,100000000,44620,2,96740,0,3,64285714,98015,1,96740,0,2,42857143,31872,1,64310,1,1,100000000,44620,2,22992,1,1,100000000,44620,2,96740,0,2,40000000,95195,1,96740,0,2,57833037,18251,1,96740,0,3,66666667,24276,1,24276,1,1,100000000,44620,2,96740,0,2,100000000,22992,1,96740,0,2,30000000,98015,1,96740,0,2,40000000,64310,1,95195,1,1,100000000,44620,2,98015,1,1,100000000,44620,2,31872,1,1,100000000,44620,2,0,0,0,0,0,0,0,0,0,0,0,0,0,0,0,0,0,0,0,0,0,0,0,0,0,0,0,0,0,0,0.6928087,1.276768,0.05991339,-0.8359306,0.8703306,0.2540894,0.8611381,0.1418023,-1.094938,-0.9154112
100734	0	16,82506,1,5,100000000,73959,1,39001,0,4,66666667,70532,1,39001,0,2,100000000,81606,1,39001,0,2,50000000,12347,1,70532,1,5,100000000,97186,1,39001,0,4,75000000,82506,1,39001,0,3,68750000,56813,1,39001,0,2,100000000,10520,1,97186,1,1,100000000,1236,2,10520,1,1,100000000,1236,2,39001,0,4,57142857,61559,1,12347,1,1,100000000,1236,2,61559,1,5,100000000,97186,1,56813,1,1,100000000,1236,2,81606,1,1,100000000,1236,2,73959,1,1,100000000,1236,2,0,0,0,0,0,0,0,0,0,0,0,0,0,0,0,0,0,0,0,0,0,0,0,0,0.793214,0.9568437,-0.4032535,0.8413098,-0.5375486,1.715087,0.1723255,-1.128233,-0.1597476,-1.813236
100847	0	15,96740,0,2,42857143,31872,1,96740,0,2,100000000,22992,1,18251,1,1,100000000,66506,2,31872,1,1,100000000,66506,2,98015,1,1,100000000,66506,2,24276,1,1,100000000,66506,2,64310,1,1,100000000,66506,2,96740,0,2,30000000,98015,1,96740,0,3,64285714,98015,1,95195,1,1,100000000,66506,2,22992,1,1,100000000,66506,2,96740,0,2,57833037,18251,1,96740,0,2,40000000,64310,1,96740,0,2,40000000,95195,1,96740,0,3,66666667,24276,1,0,0,0,0,0,0,0,0,0,0,0,0,0,0,0,0,0,0,0,0,0,0,0,0,0,0,0,0,0,0,0.316676,1.0375271,1.1998496,0.46860775,0.042230453,0.77776825,-0.22971879,0.80939275,1.5059012,-0.81851363
100865	0	18,17485,1,1,100000000,30299,2,48824,0,4,75000000,42331,1,87860,1,5,100000000,87105,1,48824,0,4,65000000,70382,1,48824,0,4,100000000,92020,1,87105,1,1,100000000,30299,2,68569,1,1,100000000,30299,2,48824,0,7,100000000,33088,1,33088,1,9,100000000,68569,1,48824,0,4,61904762,1978,1,48824,0,6,100000000,56779,1,56779,1,6,100000000,17485,1,48824,0,7,100000000,56779,1,70382,1,5,100000000,87105,1,48824,0,4,65000000,87860,1,1978,1,5,100000000,87105,1,42331,1,5,100000000,87105,1,92020,1,5,100000000,87105,1,0,0,0,0,0,0,0,0,0,0,0,0,1.430606,1.292632,-0.2092989,0.02390635,-0.02414795,-0.1681245,0.3667215,-0.6665106,0.7667154,-1.102087
101028	0	15,95195,1,1,100000000,98409,2,64310,1,1,100000000,98409,2,96740,0,2,30000000,98015,1,96740,0,3,64285714,98015,1,31872,1,1,100000000,98409,2,98015,1,1,100000000,98409,2,96740,0,2,100000000,22992,1,18251,1,1,100000000,98409,2,96740,0,2,40000000,64310,1,96740,0,3,66666667,24276,1,96740,0,2,57833037,18251,1,24276,1,1,100000000,98409,2,96740,0,2,42857143,31872,1,96740,0,2,40000000,95195,1,22992,1,1,100000000,98409,2,0,0,0,0,0,0,0,0,0,0,0,0,0,0,0,0,0,0,0,0,0,0,0,0,0,0,0,0,0,0,0.16587305,1.0649561,0.22011277,-1.8243871,-0.080556266,1.2466058,0.3691909,0.6747372,-0.22762893,-1.270902
101194	0	15,22992,1,1,100000000,86122,2,96740,0,3,66666667,24276,1,96740,0,2,100000000,22992,1,18251,1,1,100000000,86122,2,96740,0,2,40000000,64310,1,24276,1,1,100000000,86122,2,98015,1,1,100000000,86122,2,96740,0,2,57833037,18251,1,96740,0,2,40000000,95195,1,31872,1,1,100000000,86122,2,96740,0,3,64285714,98015,1,96740,0,2,30000000,98015,1,64310,1,1,100000000,86122,2,96740,0,2,42857143,31872,1,95195,1,1,100000000,86122,2,0,0,0,0,0,0,0,0,0,0,0,0,0,0,0,0,0,0,0,0,0,0,0,0,0,0,0,0,0,0,1.065248,2.022483,1.049989,-0.6949182,0.5526637,0.7494947,0.2691186,0.0841157,0.5669024,0.0900189
101213	0	15,96740,0,2,100000000,22992,1,31872,1,1,100000000,2987,2,96740,0,2,30000000,98015,1,22992,1,1,100000000,2987,2,96740,0,2,42857143,31872,1,18251,1,1,100000000,2987,2,98015,1,1,100000000,2987,2,96740,0,2,40000000,64310,1,96740,0,3,66666667,24276,1,95195,1,1,100000000,2987,2,96740,0,3,64285714,98015,1,64310,1,1,100000000,2987,2,24276,1,1,100000000,2987,2,96740,0,2,57833037,18251,1,96740,0,2,40000000,95195,1,0,0,0,0,0,0,0,0,0,0,0,0,0,0,0,0,0,0,0,0,0,0,0,0,0,0,0,0,0,0,0.95982426,0.5086979,0.93129414,0.6735704,0.19749813,0.76660806,-0.38579443,0.5507622,-0.6101691,-0.3691696
101345	0	15,18251,1,1,100000000,15008,2,95195,1,1,100000000,15008,2,96740,0,2,40000000,64310,1,64310,1,1,100000000,15008,2,24276,1,1,100000000,15008,2,98015,1,1,100000000,15008,2,31872,1,1,100000000,15008,2,22992,1,1,100000000,15008,2,96740,0,2,42857143,31872,1,96740,0,2,40000000,95195,1,96740,0,3,66666667,24276,1,96740,0,2,100000000,22992,1,96740,0,3,64285714,98015,1,96740,0,2,30000000,98015,1,96740,0,2,57833037,18251,1,0,0,0,0,0,0,0,0,0,0,0,0,0,0,0,0,0,0,0,0,0,0,0,0,0,0,0,0,0,0,0.0884855,1.1761559,-0.5144938,-0.8666969,-0.86989266,1.5245941,0.18826827,0.22240241,-1.0160316,-1.6140327
101376	0	18,96740,0,2,57833037,18251,1,18251,1,1,100000000,77239,2,104293,1,1,66666667,77239,2,31872,1,1,100000000,77239,2,98015,1,1,100000000,77239,2,35201,1,5,100000000,104293,1,96740,0,2,40000000,95195,1,96740,0,2,100000000,22992,1,96740,0,3,66666667,24276,1,96740,0,3,64285714,98015,1,96740,0,2,42857143,31872,1,96740,0,2,30000000,98015,1,24276,1,1,100000000,77239,2,64310,1,1,100000000,77239,2,96740,0,4,75000000,35201,1,95195,1,1,100000000,77239,2,22992,1,1,100000000,77239,2,96740,0,2,40000000,64310,1,0,0,0,0,0,0,0,0,0,0,0,0,0.5166863,1.159094,1.179778,-0.4330685,0.08381237,0.8445497,-0.4244205,0.2412214,0.3643611,-0.695728
101917	0	16,10520,1,1,100000000,14823,2,39001,0,2,100000000,81606,1,97186,1,1,100000000,14823,2,61559,1,5,100000000,97186,1,12347,1,1,100000000,14823,2,73959,1,1,100000000,14823,2,56813,1,1,100000000,14823,2,39001,0,2,100000000,10520,1,39001,0,3,68750000,56813,1,82506,1,5,100000000,73959,1,81606,1,1,100000000,14823,2,39001,0,4,75000000,82506,1,70532,1,5,100000000,97186,1,39001,0,2,50000000,12347,1,39001,0,4,66666667,70532,1,39001,0,4,57142857,61559,1,0,0,0,0,0,0,0,0,0,0,0,0,0,0,0,0,0,0,0,0,0,0,0,0,1.146395,1.109706,0.8878516,-1.102868,1.845288,2.121428,-0.845338,-0.3893366,1.262944,-0.2250331
101922	0	15,96740,0,2,30000000,98015,1,96740,0,3,66666667,24276,1,22992,1,1,100000000,61896,2,95195,1,1,100000000,61896,2,64310,1,1,100000000,61896,2,24276,1,1,100000000,61896,2,98015,1,1,100000000,61896,2,96740,0,2,40000000,95195,1,96740,0,3,64285714,98015,1,31872,1,1,100000000,61896,2,18251,1,1,100000000,61896,2,96740,0,2,57833037,18251,1,96740,0,2,42857143,31872,1,96740,0,2,40000000,64310,1,96740,0,2,100000000,22992,1,0,0,0,0,0,0,0,0,0,0,0,0,0,0,0,0,0,0,0,0,0,0,0,0,0,0,0,0,0,0,-0.042618744,1.5363296,1.3251368,0.008220987,0.35789093,1.5138087,-1.0551289,0.44591638,-0.40324602,-0.24804339
101968	0	15,98015,1,1,100000000,36041,2,31872,1,1,100000000,36041,2,18251,1,1,100000000,36041,2,24276,1,1,100000000,36041,2,64310,1,1,100000000,36041,2,95195,1,1,100000000,36041,2,22992,1,1,100000000,36041,2,96740,0,2,40000000,95195,1,96740,0,3,66666667,24276,1,96740,0,2,30000000,98015,1,96740,0,3,64285714,98015,1,96740,0,2,100000000,22992,1,96740,0,2,40000000,64310,1,96740,0,2,42857143,31872,1,96740,0,2,57833037,18251,1,0,0,0,0,0,0,0,0,0,0,0,0,0,0,0,0,0,0,0,0,0,0,0,0,0,0,0,0,0,0,0.81031936,1.6087625,1.2004004,-1.1157894,-0.48838413,0.08105799,-0.5266619,1.5223284,0.3057366,-1.7739393
102068	0	17,22992,1,1,100000000,6789,2,96740,0,2,40000000,64310,1,96740,0,2,42857143,31872,1,96740,0,2,67615658,102428,1,96740,0,2,30000000,98015,1,96740,0,3,66666667,24276,1,96740,0,2,40000000,95195,1,96740,0,2,57833037,18251,1,64310,1,1,100000000,6789,2,24276,1,1,100000000,6789,2,96740,0,3,64285714,98015,1,98015,1,1,100000000,6789,2,31872,1,1,100000000,6789,2,102428,1,1,100000000,6789,2,18251,1,1,100000000,6789,2,96740,0,2,100000000,22992,1,95195,1,1,100000000,6789,2,0,0,0,0,0,0,0,0,0,0,0,0,0,0,0,0,0,0,-0.028900884,0.96380204,0.6414267,-1.0693582,0.35684437,0.49244356,-1.7032315,1.2851224,0.31117517,-0.5251142
102121	0	15,96740,0,2,30000000,98015,1,18251,1,1,100000000,98757,2,31872,1,1,100000000,98757,2,98015,1,1,100000000,98757,2,96740,0,2,57833037,18251,1,96740,0,3,66666667,24276,1,96740,0,2,42857143,31872,1,96740,0,2,40000000,64310,1,24276,1,1,100000000,98757,2,64310,1,1,100000000,98757,2,95195,1,1,100000000,98757,2,22992,1,1,100000000,98757,2,96740,0,2,100000000,22992,1,96740,0,3,64285714,98015,1,96740,0,2,40000000,95195,1,0,0,0,0,0,0,0,0,0,0,0,0,0,0,0,0,0,0,0,0,0,0,0,0,0,0,0,0,0,0,1.094645,0.3809705,0.5383289,-1.605147,-0.1467377,0.1087822,-0.5398307,-0.304981,0.3653656,0.07873166
102134	0	15,96740,0,3,64285714,98015,1,96740,0,2,30000000,98015,1,96740,0,2,40000000,95195,1,96740,0,2,100000000,22992,1,96740,0,2,57833037,18251,1,96740,0,3,66666667,24276,1,96740,0,2,40000000,64310,1,22992,1,1,100000000,9458,2,95195,1,1,100000000,9458,2,64310,1,1,100000000,9458,2,24276,1,1,100000000,9458,2,98015,1,1,100000000,9458,2,31872,1,1,100000000,9458,2,18251,1,1,100000000,9458,2,96740,0,2,42857143,31872,1,0,0,0,0,0,0,0,0,0,0,0,0,0,0,0,0,0,0,0,0,0,0,0,0,0,0,0,0,0,0,0.3522843,1.782784,0.2751266,-0.6533476,0.9494023,0.3326684,0.6227787,-1.351132,0.427931,-0.738103
102175	0	15,18251,1,1,100000000,27696,2,96740,0,2,100000000,22992,1,22992,1,1,100000000,27696,2,95195,1,1,100000000,27696,2,24276,1,1,100000000,27696,2,96740,0,2,40000000,95195,1,64310,1,1,100000000,27696,2,96740,0,3,66666667,24276,1,96740,0,2,40000000,64310,1,96740,0,2,30000000,98015,1,96740,0,2,42857143,31872,1,98015,1,1,100000000,27696,2,31872,1,1,100000000,27696,2,96740,0,2,57833037,18251,1,96740,0,3,64285714,98015,1,0,0,0,0,0,0,0,0,0,0,0,0,0,0,0,0,0,0,0,0,0,0,0,0,0,0,0,0,0,0,1.0200433,0.9230143,0.6822453,-0.29844993,-0.30798045,0.4979797,0.87940395,0.27425295,0.42232555,-1.2361611
102214	0	15,96740,0,2,30000000,98015,1,64310,1,1,100000000,9531,2,24276,1,1,100000000,9531,2,96740,0,3,64285714,98015,1,96740,0,2,40000000,64310,1,96740,0,2,100000000,22992,1,98015,1,1,100000000,9531,2,96740,0,2,42857143,31872,1,31872,1,1,100000000,9531,2,18251,1,1,100000000,9531,2,22992,1,1,100000000,9531,2,96740,0,2,40000000,95195,1,96740,0,3,66666667,24276,1,95195,1,1,100000000,9531,2,96740,0,2,57833037,18251,1,0,0,0,0,0,0,0,0,0,0,0,0,0,0,0,0,0,0,0,0,0,0,0,0,0,0,0,0,0,0,1.5557517,1.7380137,1.0622712,-1.2988063,-0.12806669,1.1249262,-1.1909691,0.79156375,-0.049080353,-2.3867438
102314	0	15,96740,0,2,30000000,98015,1,96740,0,2,42857143,31872,1,96740,0,3,66666667,24276,1,98015,1,1,100000000,406,2,96740,0,2,100000000,22992,1,96740,0,2,57833037,18251,1,96740,0,2,40000000,95195,1,18251,1,1,100000000,406,2,31872,1,1,100000000,406,2,24276,1,1,100000000,406,2,22992,1,1,100000000,406,2,95195,1,1,100000000,406,2,64310,1,1,100000000,406,2,96740,0,2,40000000,64310,1,96740,0,3,64285714,98015,1,0,0,0,0,0,0,0,0,0,0,0,0,0,0,0,0,0,0,0,0,0,0,0,0,0,0,0,0,0,0,1.424196,1.1397668,0.24615096,-2.1659088,-0.5919283,0.5793891,-0.25193852,1.514791,0.63904285,-1.5044724
102439	0	15,18251,1,1,100000000,103475,2,96740,0,3,64285714,98015,1,96740,0,2,100000000,22992,1,96740,0,2,57833037,18251,1,96740,0,2,40000000,95195,1,96740,0,2,40000000,64310,1,96740,0,3,66666667,24276,1,22992,1,1,100000000,103475,2,95195,1,1,100000000,103475,2,64310,1,1,100000000,103475,2,24276,1,1,100000000,103475,2,98015,1,1,100000000,103475,2,96740,0,2,42857143,31872,1,96740,0,2,30000000,98015,1,31872,1,1,100000000,103475,2,0,0,0,0,0,0,0,0,0,0,0,0,0,0,0,0,0,0,0,0,0,0,0,0,0,0,0,0,0,0,1.5351771,0.37471378,-0.73149306,0.048055228,1.2514642,1.9243312,-0.53077024,-0.03234554,-0.44447568,-0.5816545
102482	0	15,98015,1,1,100000000,58889,2,64310,1,1,100000000,58889,2,96740,0,2,100000000,22992,1,95195,1,1,100000000,58889,2,96740,0,3,66666667,24276,1,96740,0,2,40000000,64310,1,96740,0,2,42857143,31872,1,31872,1,1,100000000,58889,2,18251,1,1,100000000,58889,2,96740,0,2,30000000,98015,1,96740,0,2,57833037,18251,1,96740,0,2,40000000,95195,1,22992,1,1,100000000,58889,2,96740,0,3,64285714,98015,1,24276,1,1,100000000,58889,2,0,0,0,0,0,0,0,0,0,0,0,0,0,0,0,0,0,0,0,0,0,0,0,0,0,0,0,0,0,0,1.011778,0.5992436,0.963393,-1.019626,0.1860265,1.482932,-0.7468934,-0.8703929,0.6647683,-1.735204
102525	0	15,64310,1,1,100000000,52619,2,24276,1,1,100000000,52619,2,98015,1,1,100000000,52619,2,31872,1,1,100000000,52619,2,18251,1,1,100000000,52619,2,96740,0,2,40000000,64310,1,96740,0,2,42857143,31872,1,22992,1,1,100000000,52619,2,96740,0,3,64285714,98015,1,96740,0,2,30000000,98015,1,96740,0,2,40000000,95195,1,96740,0,2,57833037,18251,1,96740,0,3,66666667,24276,1,96740,0,2,100000000,22992,1,95195,1,1,100000000,52619,2,0,0,0,0,0,0,0,0,0,0,0,0,0,0,0,0,0,0,0,0,0,0,0,0,0,0,0,0,0,0,2.056053,0.315102,1.147577,-1.046309,0.2864122,0.5848213,-0.3859966,-0.3918771,0.3332623,-1.079883
103111	0	15,96740,0,2,40000000,95195,1,18251,1,1,100000000,68618,2,31872,1,1,100000000,68618,2,98015,1,1,100000000,68618,2,96740,0,2,40000000,64310,1,24276,1,1,100000000,68618,2,64310,1,1,100000000,68618,2,95195,1,1,100000000,68618,2,22992,1,1,100000000,68618,2,96740,0,2,57833037,18251,1,96740,0,3,66666667,24276,1,96740,0,3,64285714,98015,1,96740,0,2,30000000,98015,1,96740,0,2,42857143,31872,1,96740,0,2,100000000,22992,1,0,0,0,0,0,0,0,0,0,0,0,0,0,0,0,0,0,0,0,0,0,0,0,0,0,0,0,0,0,0,1.3793107,1.6824211,0.23254533,-1.4983127,0.06686288,1.0101222,-0.046884555,1.2160747,0.17666672,-1.2583346
103174	0	19,96834,1,1,100000000,58731,2,64310,1,1,100000000,58731,2,96740,0,2,40000000,64310,1,96740,0,2,40000000,95195,1,96740,0,3,64285714,98015,1,96740,0,2,100000000,22992,1,24276,1,1,100000000,58731,2,98015,1,1,100000000,58731,2,31872,1,1,100000000,58731,2,96740,0,3,66666667,24276,1,18251,1,1,100000000,58731,2,96740,0,2,57833037,18251,1,96740,0,2,54768392,96834,1,102428,1,1,100000000,58731,2,95195,1,1,100000000,58731,2,96740,0,2,67615658,102428,1,96740,0,2,30000000,98015,1,22992,1,1,100000000,58731,2,96740,0,2,42857143,31872,1,0,0,0,0,0,0,0.9296712,-0.52118057,1.0280505,-1.1657014,-0.14633766,0.86106956,-1.4225308,0.020832203,-1.1889938,-0.11229251
