id:int64	label:int64	feature:string
406	2	1.25456,0.871914,0.243365,-1.66887,-0.819375,0.3275,-0.00807281,1.94206,0.795718,-1.26571
1236	2	0.732393,0.708425,-0.295218,0.193895,-1.17073,0.885503,0.339667,0.155795,0.307546,-1.44527
1978	1	1.82193,0.494716,-0.392494,1.63483,-0.259358,1.26915,-0.727116,-0.175554,-0.464224,-0.561078
2987	2	0.162422,-0.203481,0.310178,-0.568911,-0.68856,0.702273,-0.578924,0.137532,0.153914,0.406098
5978	1	0.7363892,1.3724508,-0.83248746,0.35341242,-0.4588605,2.158728,-1.9226986,0.22972499,-1.0918895,-0.33812466
6789	2	1.24091,-0.423423,1.51886,-0.989743,-1.72364,0.0787831,-1.51632,1.03815,-0.43831,-0.456298
9458	2	0.945598,0.101496,-0.0984239,-0.0341933,-0.0844805,-0.509355,0.366239,-0.879737,0.764059,-1.06193
9531	2	1.56467,2.2252,1.08151,-0.386518,-0.251825,1.10524,-0.783512,1.51421,-0.183955,-2.48795
10520	1	2.140352,0.6463229,0.64561087,0.41753992,1.5098614,1.7946129,-1.1578335,-0.0263822,-0.8014098,-0.545862
12347	1	1.8134547,0.9387188,0.8169302,0.816327,0.3642263,1.4757694,-0.33608782,-0.7156842,0.24168923,0.042869315
14823	2	0.33707,0.0894726,0.179506,-1.32519,0.509644,0.795026,-0.763003,-0.193704,0.582822,-0.576814
15008	2	0.0354561,0.868702,-0.0601756,-0.607916,-1.4129,0.81481,0.0658884,0.840727,-0.908513,-1.55182
17485	1	1.2445903,0.36355495,0.42513648,1.0503407,-0.47649148,0.9245707,-0.47622904,-0.028802153,0.14620872,-0.4666017
18251	1	1.42187,-0.828261,0.22992,1.67013,0.115291,0.71598,0.337467,0.6736,0.223202,-0.737983
21591	2	1.24345,0.110653,0.312155,0.127754,-0.295892,0.436224,0.231348,-0.419453,0.093036,-1.10561
21899	2	0.803691,0.916806,-0.408052,-0.888677,-0.447285,0.773428,-0.44328,0.728938,0.129529,-1.01813
22262	1	1.060436,1.3966105,-1.6073278,-0.33530745,-1.0471334,2.379673,-0.5240634,-0.68439436,-0.5322553,-1.3649622
22992	1	1.6232862,0.45464322,0.5880952,-0.11210982,0.44721654,2.0849268,-1.005866,0.038913205,-0.03605258,-1.2578975
24008	2	1.26842,0.364323,-0.513482,0.065877,-0.731381,0.849551,-1.2473,0.530689,0.157851,-1.22325
24159	1	0.315694,1.37906,-0.434798,0.191103,-0.4942,2.02626,-1.80953,-0.42353,-1.40748,-0.8487
24276	1	1.6391585,0.8641478,0.03565008,0.10282475,0.35710156,1.0842112,-0.55222666,-0.20501359,-0.45358685,-0.98211116
25192	1	0.49431935,1.5457661,-0.4930427,0.6539214,-0.60373753,2.0134022,-1.8749536,-0.57274336,-1.4991145,-0.87875324
27696	2	1.05765,0.927732,0.692262,0.596157,-0.293305,0.179179,1.72451,0.531087,0.52098,-0.997228
30299	2	1.03436,1.63856,-0.25879,0.362373,-0.541606,0.148789,1.046,-0.215418,0.708519,-1.56574
31375	1	0.908794,1.18555,-1.52661,-0.472947,-1.0121,2.32169,-0.46352,-0.69484,-0.490492,-1.34736
31872	1	2.2184203,1.1207676,0.30630583,-0.10144495,0.4607493,1.2770588,-0.41114634,0.25963402,-0.8407091,-1.126946
33088	1	2.00387,0.319637,-0.237984,0.114101,0.441129,1.59487,0.896485,-0.256032,-0.277263,-1.76179
35201	1	1.75517,1.36401,0.407013,-0.958899,0.390284,1.42672,-0.308037,0.619314,-0.528202,0.627606
36041	2	1.05359,0.986389,0.927193,-0.972885,-1.2383,-0.255444,-0.741265,1.38184,0.766837,-2.00181
39001	0	1.7293026,0.14117528,0.37346625,1.1380576,0.403065,0.637076,-0.6713422,-0.0977471,0.8943322,-0.81331986
42331	1	0.725401,0.145766,-0.294946,0.383935,0.294818,0.995694,0.322996,-0.784792,-0.431727,0.547412
44405	1	1.0509667,1.3456265,-0.13416487,0.59008485,0.15749691,0.32251918,-0.3570356,-0.82631713,0.24103712,-1.1383477
44620	2	0.947248,0.70215,0.913648,-0.542731,-0.0702966,-0.296937,-0.207023,0.498696,-0.835424,-0.253799
46370	0	0.26624262,1.3500658,-0.6225389,0.8204887,-0.27992284,1.6214325,-1.9004809,-0.41026038,-0.8939973,-0.6864187
48824	0	1.98914,1.40848,-1.26606,0.804929,0.385248,1.12368,-0.844234,-0.193138,-0.19283,-0.699952
52619	2	0.688825,0.630201,1.32783,-0.443325,-0.192788,0.793724,-0.186701,0.401786,0.82827,-0.60062
56779	1	1.84333,0.542206,-0.58703,0.313143,0.0270598,1.40386,0.859535,-0.567064,-0.00498736,-1.12743
56813	1	1.299651,0.6665697,0.67224824,0.0688761,0.035004713,1.6412952,-0.5086663,0.12362852,-0.16662839,-0.16383468
58731	2	0.837342,-0.0304519,0.487651,-0.900969,-1.19432,1.61217,-0.748147,0.602052,-0.97212,-1.11974
58889	2	0.78756,-0.175596,0.0690504,0.16904,-0.560107,0.281278,-0.245176,0.525871,0.431264,-0.895638
61559	1	1.20363,0.575022,0.290001,0.423677,0.651729,1.44872,-0.193973,-0.123111,0.172755,-1.0328
61896	2	0.210243,-0.385503,1.04005,-0.443008,-0.847646,-0.327032,-0.995092,0.594714,-0.0153551,0.105206
63683	2	0.269129,0.507308,1.17892,-0.874245,0.358552,1.54539,-0.486311,-0.0410373,-0.562638,-1.52924
64310	1	1.92433,0.554939,0.583431,-0.0319612,0.319911,1.58649,-0.437351,0.349642,-0.477643,-0.621511
66506	2	0.475661,1.66127,0.696825,-0.256456,0.342731,0.541972,0.720856,0.0466572,1.39684,-0.604148
67510	2	1.17312,1.1159,0.278755,-0.925151,-0.66439,1.38964,-0.107062,-0.918767,1.53627,-1.51247
68569	1	1.06475,1.04217,0.79728,0.659831,-0.0376667,1.25184,-0.788983,0.277315,0.0224145,-0.627954
68618	2	1.74145,1.30574,0.495635,-1.46706,-0.802028,0.904255,-0.211862,1.84072,0.216926,-1.20269
70382	1	1.649284,0.29275775,-0.383571,0.85231423,0.38008508,1.4609967,-0.37559602,-0.78511304,0.7024173,-0.5268346
70532	1	1.25379,0.565525,0.462635,0.158033,0.746265,1.58944,-0.139087,-0.0389961,0.412697,-0.941447
73959	1	1.5918719,0.8047337,0.11456814,-0.21056004,0.8160598,1.6698902,-0.3689416,-0.21965197,-0.29384637,-1.321742
77153	2	0.779326,1.20287,1.78699,-0.89334,0.574933,-0.193715,-1.35055,1.0819,-0.165648,0.804784
77239	2	0.844031,0.699111,0.763054,-0.37611,-0.282264,0.147261,0.20518,0.664659,0.555852,-0.971008
81606	1	2.0462945,0.37545177,0.75660694,0.17495947,1.7293266,2.0582948,-1.224887,0.1305615,-1.0584805,-0.29333624
82506	1	1.0560625,0.70987844,-0.41243732,0.7326421,0.471234,0.9842733,-0.5191126,0.15488349,-0.0474429,-1.403042
84875	1	0.659909,1.34364,-0.723714,0.585319,-0.376894,1.99244,-1.76694,-0.125307,-0.953349,-0.621832
85994	1	0.692905,0.567687,-0.593171,-0.195966,-0.980559,2.10991,-0.801456,-0.614285,-0.53541,-1.604
86122	2	0.914396,1.77626,0.594674,-0.832321,0.232411,0.29498,0.893482,-0.106705,1.06647,-0.0339791
87105	1	1.2445903,0.36355495,0.42513648,1.0503407,-0.47649148,0.9245707,-0.47622904,-0.028802153,0.14620872,-0.4666017
87516	1	0.909064,0.86787796,-0.6403058,-0.013328344,0.3104832,2.1922538,-1.0686016,-0.06899961,-0.8284151,-0.56021154
87860	1	1.1407083,0.44773114,-0.95985675,0.5053569,0.27902058,0.37293103,-0.9490625,-0.2960008,-0.3422119,-0.5057321
92020	1	1.93977,1.28085,-0.328503,0.457652,0.503856,1.42203,-0.194685,-0.827424,-0.191886,-0.658566
95195	1	1.7331959,1.0332246,0.6761858,0.6486019,0.22830656,1.289322,-1.2030382,0.30681908,0.25951472,0.188641
96740	0	0.497015,0.0416211,0.263122,-0.737923,-0.490561,1.86358,-1.32454,-0.550374,-1.1417,-0.745792
96834	1	1.52208,-0.437074,0.598272,0.255249,-0.565634,1.51192,-0.784869,-0.508648,-0.72085,-1.54345
97034	2	0.981347,0.569758,0.397837,0.117526,-0.6578,0.115852,1.4003,1.06044,0.116495,-1.16717
97186	1	1.5195626,0.29946503,0.9002023,1.0771058,-0.53658843,1.324115,-0.727343,0.3648547,0.21754381,-0.7068579
98015	1	1.1617608,0.008714982,0.71259993,0.9758104,-0.5706498,0.58475745,-0.6631394,0.2240494,0.29601127,-1.2037402
98251	1	0.504122,0.6892151,-0.70347697,-0.38894597,-0.76830226,1.9728507,-0.79851973,-0.6646161,-0.55305785,-1.5227435
98409	2	0.274445,0.283301,0.87359,-1.4141,-0.546773,0.695624,-0.0188008,0.884625,0.173249,-1.30408
98757	2	0.647565,0.563882,0.341793,-0.752064,-0.0849828,-0.501828,0.240041,0.201836,0.554501,-0.210685
98946	1	0.714033,1.37701,-0.706725,0.536005,-0.463775,1.97264,-1.83503,-0.0977139,-0.982474,-0.553164
102428	1	0.7374827,-0.70106685,1.009204,-0.17896305,0.37206766,1.796585,-0.12732331,-0.28022745,-0.43872738,-0.6703546
103475	2	1.44827,0.0127931,0.600735,-0.690475,1.19383,1.71635,-0.374435,-0.105722,-1.16885,-0.375814
104293	1	1.2945399,1.0699698,0.49460417,-0.6788446,-0.121714205,1.0664331,-0.20962568,-0.21335053,0.85785675,-1.0631913
